0.078640437460361368
0.103841396760707890
0.054150167656424705
0.026567299390028547
0.031464621158323727
0.061581689860245176
0.000739774669258448
0.019145674884472937
0.006778911880356683
0.027577719199102842
-0.012726150905680621
0.033902944305531937
0.096797498798437784
0.016985796155169715
-0.007347808145979757
0.001435889923551124
-0.003944602808722381
0.000913910498584132
0.003655413355648715
0.030981812886628199
0.002743143545931808
-0.024329589001270805
0.035046811540069785
-0.017910484343661638
-0.004791185406292853
-0.019539449422922021
-0.026516618545104776
-0.024036802523584880
-0.023463468601090019
-0.000722948884586594
0.007659323556161547
0.025267762248552459
0.053967320650905877
-0.008763760946336800
-0.023596284160751782
-0.027122451136244206
-0.042665389748021747
-0.044101757697809371
-0.027802491888798502
-0.043611080194597043
0.008207312456586187
-0.023145103634076878
-0.017782185809134741
0.001094150086846825
0.007270570934859001
-0.015159198487553420
-0.045983200876981746
-0.021783957076246904
-0.048628960732440579
-0.069536114357105175
-0.026186983385517809
-0.028394661432925853
-0.038854127033323332
-0.029058624279442790
0.073610107374805736
-0.011664516966088244
-0.018957867085267501
-0.028422967859125736
-0.049085279678193046
-0.053509952711909600
-0.044189490841248166
-0.055168131173214098
-0.028160656285904962
-0.014044667008999508
-0.050602161209296864
-0.003613025603266245
0.029141406252948053
-0.023178159490512117
-0.027128329628259232
-0.034009851508696447
-0.047548337266557168
-0.039555327102435520
-0.039092671581327121
-0.025654680268017382
-0.020993012023881978
0.003634321496876252
0.039739197783238894
-0.019775851980454579
-0.027111815305833568
-0.006573799491423809
-0.038881483019063370
-0.006696821972795827
-0.022983068786967927
-0.008642034297330230
-0.034828853480877518
0.013245174468564708
0.010195887742260800
-0.038922787459044178
-0.020112102889472568
0.005851299388921023
0.021318374650912672
0.000475721274140292
-0.036181312453325988
0.043710667646921782
0.015532883405026857
0.025037172708219417
-0.024221221680804289
